
20.6 , 60.9
20.7 , 60.8
20.7 , 60.7
20.8 , 60.6
20.7 , 60.8
20.7 , 60.8
20.7 , 60.8
20.7 , 60.9
20.7 , 60.9
20.8 , 60.9
20.8 , 60.9
20.8 , 60.9
20.8 , 60.9
20.8 , 60.8
20.8 , 60.9
20.9 , 60.9
20.9 , 60.8
20.9 , 60.8
20.9 , 60.8
20.8 , 60.8
20.9 , 60.9
20.9 , 60.9
20.9 , 60.8
20.9 , 60.9
20.9 , 60.9
20.9 , 60.9
20.9 , 60.9
20.9 , 60.9
20.9 , 60.8
20.9 , 60.8
20.9 , 60.8
20.9 , 60.8
20.9 , 60.9
20.9 , 60.9
20.9 , 60.8
20.9 , 60.9
20.9 , 60.8
20.9 , 60.8
20.9 , 60.8
20.9 , 60.8
20.9 , 60.8
20.9 , 60.9
20.9 , 60.9
20.9 , 60.9
20.9 , 60.9
20.9 , 60.9
20.9 , 60.9
21.0 , 60.8
21.0 , 60.9
20.9 , 60.9
21.0 , 60.8
21.0 , 60.8
21.0 , 60.8
20.9 , 60.9
20.9 , 60.8
20.9 , 60.8
20.9 , 60.7
20.9 , 60.7
20.9 , 60.6
20.9 , 60.7
20.9 , 60.6
20.9 , 60.6
20.9 , 60.6
20.9 , 60.5
20.9 , 60.6
20.9 , 60.6
20.8 , 60.6
20.9 , 60.6
20.8 , 60.6
20.8 , 60.6
20.8 , 60.7
20.9 , 60.6
20.8 , 60.6
20.8 , 60.7
20.8 , 60.6
20.9 , 60.6
20.8 , 60.6
20.8 , 60.7
20.7 , 60.7
20.8 , 60.7
20.8 , 60.7
20.8 , 60.7
20.8 , 60.7
20.7 , 60.7
20.7 , 60.7
20.7 , 60.8
20.7 , 60.8
20.7 , 60.9
20.7 , 60.9
20.7 , 61.0
20.7 , 61.0
20.7 , 61.0
20.7 , 61.1
20.7 , 61.0
20.7 , 61.1
20.6 , 61.1
20.7 , 61.1
20.6 , 61.1
20.7 , 61.1
20.7 , 61.1
20.6 , 61.1
20.6 , 61.1
20.6 , 61.1
20.6 , 61.1
20.6 , 61.1
20.6 , 61.2
20.6 , 61.1
20.6 , 61.2
20.6 , 61.2
20.6 , 61.2
20.6 , 61.2
20.7 , 61.1
20.6 , 61.1
20.6 , 61.1
20.6 , 61.2
20.6 , 61.2
20.6 , 61.2
20.6 , 61.3
20.6 , 61.2
20.6 , 61.2
20.6 , 61.2
20.6 , 61.3
20.6 , 61.3
20.6 , 61.3
20.6 , 61.3
20.6 , 61.3
20.6 , 61.2
20.6 , 61.3
20.6 , 61.2
20.6 , 61.3
20.6 , 61.3
20.6 , 61.3
20.6 , 61.2
20.6 , 61.3
20.6 , 61.2
20.6 , 61.2
20.6 , 61.3
20.6 , 61.3
20.6 , 61.4
20.6 , 61.3
20.6 , 61.3
20.6 , 61.3
20.6 , 61.3
20.6 , 61.3
20.6 , 61.4
20.6 , 61.4
20.6 , 61.3
20.6 , 61.3
20.6 , 61.3
20.6 , 61.3
20.6 , 61.3
20.6 , 61.4
20.6 , 61.4
20.6 , 61.4
20.6 , 61.4
20.6 , 61.3
20.6 , 61.3
20.6 , 61.3
20.6 , 61.4
20.6 , 61.4
20.5 , 61.4
20.5 , 61.4
20.6 , 61.4
20.6 , 61.4
20.6 , 61.4
20.5 , 61.4
20.5 , 61.4
20.6 , 61.4
20.5 , 61.4
20.6 , 61.4
20.6 , 61.4
20.5 , 61.4
20.6 , 61.5
20.5 , 61.5
20.5 , 61.5
20.6 , 61.5
20.5 , 61.5
20.6 , 61.4
20.5 , 61.4
20.5 , 61.4
20.5 , 61.5
20.5 , 61.4
20.6 , 61.4
20.5 , 61.4
20.6 , 61.4
20.5 , 61.4
20.5 , 61.4
20.5 , 61.5
20.5 , 61.4
20.6 , 61.4
20.6 , 61.3
20.6 , 61.4
20.5 , 61.4
20.5 , 61.5
20.5 , 61.5
20.5 , 61.5
20.5 , 61.5
20.5 , 61.5
20.5 , 61.5
20.5 , 61.5
20.5 , 61.5
20.5 , 61.5
20.5 , 61.5
20.5 , 61.5
20.5 , 61.5
20.5 , 61.5
20.5 , 61.5
20.5 , 61.6
20.5 , 61.5
20.5 , 61.5
20.5 , 61.5
20.5 , 61.5
20.5 , 61.5
20.5 , 61.5
20.5 , 61.5
20.5 , 61.5
20.5 , 61.5
20.5 , 61.5
20.4 , 61.5
20.5 , 61.5
20.4 , 61.5
20.5 , 61.5
20.4 , 61.5
20.4 , 61.5
20.5 , 61.4
20.5 , 61.4
20.5 , 61.4
20.4 , 61.4
20.5 , 61.4
20.5 , 61.5
20.4 , 61.5
20.5 , 61.5
20.5 , 61.5
20.4 , 61.5
20.4 , 61.5
20.4 , 61.5
20.4 , 61.6
20.4 , 61.5
20.4 , 61.5
20.4 , 61.4
20.4 , 61.5
20.4 , 61.4
20.5 , 61.4
20.4 , 61.4
20.4 , 61.4
20.4 , 61.5
20.4 , 61.5
20.4 , 61.5
20.4 , 61.4
20.4 , 61.5
20.4 , 61.4
20.4 , 61.4
20.4 , 61.4
20.4 , 61.4
20.4 , 61.5
20.4 , 61.4
20.4 , 61.4
20.4 , 61.4
20.5 , 61.3
20.5 , 61.3
20.5 , 61.3
20.5 , 61.4
20.4 , 61.4
20.5 , 61.3
20.4 , 61.3
20.4 , 61.3
20.4 , 61.3
20.4 , 61.4
20.4 , 61.4
20.4 , 61.4
20.4 , 61.4
20.4 , 61.4
20.4 , 61.4
20.4 , 61.4
20.4 , 61.4
20.4 , 61.4
20.4 , 61.4
20.4 , 61.4
20.4 , 61.4
20.4 , 61.3
20.4 , 61.3
20.4 , 61.3
20.4 , 61.3
20.4 , 61.3
20.4 , 61.4
20.4 , 61.4
20.4 , 61.3
20.4 , 61.4
20.4 , 61.2
20.4 , 61.3
20.4 , 61.4
20.4 , 61.3
20.4 , 61.4
20.4 , 61.4
20.4 , 61.4
20.4 , 61.4
20.3 , 61.4
20.4 , 61.4
20.4 , 61.4
20.4 , 61.4
20.4 , 61.4
20.4 , 61.3
20.4 , 61.4
20.3 , 61.3
20.4 , 61.4
20.4 , 61.4
20.4 , 61.4
20.4 , 61.4
20.3 , 61.3
20.4 , 61.4
20.4 , 61.4
20.4 , 61.4
20.4 , 61.3
20.4 , 61.3
20.4 , 61.3
20.4 , 61.3
20.4 , 61.3
20.4 , 61.3
20.4 , 61.2
20.4 , 61.2
20.4 , 61.2
20.4 , 61.2
20.4 , 61.2
20.3 , 61.2
20.4 , 61.2
20.4 , 61.2
20.4 , 61.2
20.4 , 61.2
20.3 , 61.3
20.4 , 61.3
20.4 , 61.2
20.4 , 61.2
20.4 , 61.2
20.4 , 61.2
20.4 , 61.2
20.4 , 61.1
20.4 , 61.1
20.3 , 61.1
20.4 , 61.2
20.4 , 61.2
20.4 , 61.2
20.3 , 61.2
20.4 , 61.2
20.3 , 61.2
20.3 , 61.2
20.3 , 61.2
20.4 , 61.2
20.3 , 61.2
20.3 , 61.2
20.3 , 61.2
20.3 , 61.1
20.3 , 61.1
20.4 , 61.1
20.4 , 61.1
20.3 , 61.1
20.3 , 61.1
20.3 , 61.1
20.3 , 61.1
20.3 , 61.1
20.3 , 61.1
20.3 , 61.1
20.3 , 61.1
20.4 , 61.1
20.3 , 61.1
20.3 , 61.1
20.3 , 61.1
20.3 , 61.1
20.3 , 61.1
20.3 , 61.1
20.3 , 61.1
20.3 , 61.0
20.3 , 61.0
20.3 , 61.1
20.3 , 61.1
20.3 , 61.0
20.3 , 61.1
20.3 , 61.0
20.4 , 61.0
20.3 , 61.0
20.3 , 61.0
20.3 , 61.0
20.3 , 61.0
20.3 , 61.0
20.3 , 60.9
20.3 , 60.9
20.3 , 61.0
20.3 , 61.0
20.3 , 61.0
20.3 , 60.9
20.3 , 61.0
20.3 , 60.9
20.3 , 61.0
20.3 , 61.0
20.3 , 60.9
20.3 , 60.9
20.3 , 60.9
20.3 , 60.9
20.3 , 60.9
20.3 , 60.9
20.3 , 61.0
20.3 , 60.9
20.3 , 60.9
20.3 , 60.9
20.3 , 60.9
20.3 , 60.9
20.3 , 60.9
20.3 , 60.9
20.3 , 60.9
20.3 , 60.9
20.3 , 60.9
20.3 , 60.9
20.3 , 60.9
20.3 , 60.9
20.2 , 60.9
20.3 , 60.8
20.3 , 60.8
20.2 , 60.8
20.2 , 60.9
20.2 , 60.9
20.2 , 60.8
20.3 , 60.9
20.2 , 60.9
20.3 , 60.9
20.2 , 60.9
20.2 , 60.9
20.2 , 60.9
20.3 , 60.8
20.2 , 60.8
20.2 , 60.9
20.3 , 60.8
20.2 , 60.9
20.2 , 60.9
20.2 , 60.9
20.3 , 60.8
20.2 , 60.8
20.2 , 60.9
20.2 , 60.8
20.3 , 60.8
20.2 , 60.8
20.2 , 60.8
20.2 , 60.8
20.2 , 60.8
20.3 , 60.8
20.2 , 60.8
20.3 , 60.8
20.2 , 60.8
20.3 , 60.7
20.2 , 60.7
20.2 , 60.8
20.3 , 60.8
20.2 , 60.8
20.2 , 60.8
20.2 , 60.8
20.2 , 60.8
20.2 , 60.8
20.2 , 60.8
20.2 , 60.7
20.2 , 60.8
20.2 , 60.8
20.2 , 60.8
20.2 , 60.8
20.2 , 60.8
20.2 , 60.7
20.2 , 60.8
20.2 , 60.8
20.2 , 60.7
20.2 , 60.8
20.2 , 60.8
20.2 , 60.8
20.2 , 60.8
20.2 , 60.8
20.2 , 60.8
20.2 , 60.8
20.2 , 60.8
20.2 , 60.7
20.2 , 60.7
20.2 , 60.8
20.2 , 60.8
20.2 , 60.8
20.2 , 60.8
20.2 , 60.8
20.2 , 60.8
20.2 , 60.8
20.2 , 60.8
20.2 , 60.8
20.2 , 60.8
20.2 , 60.8
20.2 , 60.8
20.2 , 60.9
20.2 , 60.9
20.2 , 60.9
20.2 , 60.9
20.2 , 60.8
20.2 , 60.8
20.2 , 60.9
20.2 , 60.9
20.2 , 60.8
20.2 , 60.8
20.2 , 60.9
20.2 , 60.9
20.2 , 60.9
20.2 , 60.9
20.2 , 60.9
20.2 , 60.9
20.2 , 60.9
20.2 , 60.9
20.2 , 60.9
20.2 , 61.0
20.2 , 60.9
20.2 , 60.9
20.2 , 60.9
20.2 , 60.9
20.2 , 60.9
20.2 , 60.9
20.2 , 60.9
20.2 , 61.0
20.2 , 61.0
20.2 , 60.9
20.2 , 60.9
20.2 , 61.0
20.2 , 61.0
20.2 , 61.0
20.2 , 61.0
20.2 , 61.0
20.2 , 61.0
20.2 , 61.0
20.2 , 61.0
20.2 , 61.0
20.2 , 61.0
20.2 , 61.0
20.2 , 61.0
20.2 , 60.9
20.2 , 61.0
20.2 , 61.0
20.2 , 61.0
20.2 , 61.0
20.2 , 61.0
20.2 , 61.0
20.2 , 61.0
20.2 , 61.0
20.2 , 61.0
20.2 , 61.0
20.2 , 61.0
20.2 , 61.0
20.2 , 61.1
20.2 , 61.1
20.2 , 61.1
